/*--------------------------------*- C++ -*----------------------------------*\
  =========                 |
  \\      /  F ield         | OpenFOAM: The Open Source CFD Toolbox
   \\    /   O peration     | Website:  https://openfoam.org
    \\  /    A nd           | Version:  8
     \\/     M anipulation  |
\*---------------------------------------------------------------------------*/
FoamFile
{
    version     2.0;
    format      ascii;
    class       regIOobject;
    location    "constant/polyMesh";
    object      faceZones;
}
// * * * * * * * * * * * * * * * * * * * * * * * * * * * * * * * * * * * * * //

1
(
frontandback
{
    type faceZone;
faceLabels      List<label> 
396
(
29256
29258
29260
29262
29264
29266
29268
29270
29272
29274
29276
29278
29280
29282
29284
29286
29288
29290
29292
29294
29296
29298
29300
29302
29304
29306
29308
29310
29312
29314
29316
29318
29320
29322
29324
29326
29328
29330
29332
29334
29336
29338
29340
29342
29344
29346
29348
29350
29352
29354
29356
29358
29360
29362
29364
29366
29368
29370
29372
29374
29376
29378
29380
29382
29384
29386
29388
29390
29392
29394
29396
29398
29400
29402
29404
29406
29408
29410
29412
29414
29416
29418
29420
29422
29424
29426
29428
29430
29432
29434
29436
29438
29440
29442
29444
29446
29448
29450
29451
295
293
290
287
284
281
278
275
272
269
266
263
260
257
254
251
248
245
242
239
236
233
230
227
224
221
218
215
212
209
206
203
200
197
194
191
188
185
182
179
176
173
170
167
164
161
158
155
152
149
146
143
140
137
134
131
128
125
122
119
116
113
110
107
104
101
98
95
92
89
86
83
80
77
74
71
68
65
62
59
56
53
50
47
44
41
38
35
32
29
26
23
20
17
14
11
8
5
2
58609
58611
58613
58615
58617
58619
58621
58623
58625
58627
58629
58631
58633
58635
58637
58639
58641
58643
58645
58647
58649
58651
58653
58655
58657
58659
58661
58663
58665
58667
58669
58671
58673
58675
58677
58679
58681
58683
58685
58687
58689
58691
58693
58695
58697
58699
58701
58703
58705
58707
58709
58711
58713
58715
58717
58719
58721
58723
58725
58727
58729
58731
58733
58735
58737
58739
58741
58743
58745
58747
58749
58751
58753
58755
58757
58759
58761
58763
58765
58767
58769
58771
58773
58775
58777
58779
58781
58783
58785
58787
58789
58791
58793
58795
58797
58799
58801
58803
58804
117560
117559
117557
117555
117553
117551
117549
117547
117545
117543
117541
117539
117537
117535
117533
117531
117529
117527
117525
117523
117521
117519
117517
117515
117513
117511
117509
117507
117505
117503
117501
117499
117497
117495
117493
117491
117489
117487
117485
117483
117481
117479
117477
117475
117473
117471
117469
117467
117465
117463
117461
117459
117457
117455
117453
117451
117449
117447
117445
117443
117441
117439
117437
117435
117433
117431
117429
117427
117425
117423
117421
117419
117417
117415
117413
117411
117409
117407
117405
117403
117401
117399
117397
117395
117393
117391
117389
117387
117385
117383
117381
117379
117377
117375
117373
117371
117369
117367
117365
)
;
flipMap         List<bool> 396{1};
}
)

// ************************************************************************* //
