/*--------------------------------*- C++ -*----------------------------------*\
  =========                 |
  \\      /  F ield         | OpenFOAM: The Open Source CFD Toolbox
   \\    /   O peration     | Website:  https://openfoam.org
    \\  /    A nd           | Version:  8
     \\/     M anipulation  |
\*---------------------------------------------------------------------------*/
FoamFile
{
    version     2.0;
    format      ascii;
    class       faceSet;
    location    "constant/polyMesh/sets";
    object      frontandback;
}
// * * * * * * * * * * * * * * * * * * * * * * * * * * * * * * * * * * * * * //


396
(
2 
5 
8 
11 
14 
17 
20 
23 
26 
29 
32 
35 
38 
41 
44 
47 
50 
53 
56 
59 
62 
65 
68 
71 
74 
77 
80 
83 
86 
89 
92 
95 
98 
101 
104 
107 
110 
113 
116 
119 
122 
125 
128 
131 
134 
137 
140 
143 
146 
149 
152 
155 
158 
161 
164 
167 
170 
173 
176 
179 
182 
185 
188 
191 
194 
197 
200 
203 
206 
209 
212 
215 
218 
221 
224 
227 
230 
233 
236 
239 
58609 
242 
58611 
245 
58613 
58615 
248 
58617 
251 
58619 
58621 
254 
58623 
257 
58625 
58627 
260 
58629 
263 
58631 
58633 
266 
58635 
269 
58637 
58639 
272 
58641 
275 
58643 
58645 
278 
58647 
281 
58649 
58651 
284 
58653 
287 
58655 
58657 
290 
58659 
293 
58661 
295 
58663 
58665 
58667 
58669 
58671 
58673 
58675 
58677 
58679 
58681 
58683 
58685 
58687 
58689 
58691 
58693 
58695 
58697 
58699 
58701 
58703 
58705 
58707 
58709 
58711 
58713 
58715 
58717 
58719 
58721 
58723 
58725 
58727 
58729 
58731 
58733 
58735 
58737 
58739 
58741 
58743 
58745 
58747 
58749 
58751 
58753 
58755 
58757 
58759 
58761 
58763 
58765 
58767 
58769 
58771 
58773 
58775 
58777 
58779 
58781 
58783 
58785 
58787 
58789 
58791 
58793 
58795 
58797 
58799 
58801 
58803 
58804 
29256 
29258 
29260 
29262 
29264 
29266 
29268 
29270 
29272 
29274 
29276 
29278 
29280 
29282 
29284 
29286 
29288 
29290 
29292 
29294 
29296 
29298 
29300 
117365 
29302 
117367 
29304 
117369 
29306 
117371 
29308 
117373 
29310 
117375 
29312 
117377 
29314 
117379 
29316 
117381 
29318 
117383 
29320 
117385 
29322 
117387 
29324 
117389 
29326 
117391 
29328 
117393 
29330 
117395 
29332 
117397 
29334 
117399 
29336 
117401 
29338 
117403 
29340 
117405 
29342 
117407 
29344 
117409 
29346 
117411 
29348 
117413 
29350 
117415 
29352 
117417 
29354 
117419 
29356 
117421 
29358 
117423 
29360 
117425 
29362 
117427 
29364 
117429 
29366 
117431 
29368 
117433 
29370 
117435 
29372 
117437 
29374 
117439 
29376 
117441 
29378 
117443 
29380 
117445 
29382 
117447 
29384 
117449 
29386 
117451 
29388 
117453 
29390 
117455 
29392 
117457 
29394 
117459 
29396 
117461 
29398 
117463 
29400 
117465 
29402 
117467 
29404 
117469 
29406 
117471 
29408 
117473 
29410 
117475 
29412 
117477 
29414 
117479 
29416 
117481 
29418 
117483 
29420 
117485 
29422 
117487 
29424 
117489 
29426 
117491 
29428 
117493 
29430 
117495 
29432 
117497 
29434 
117499 
29436 
117501 
29438 
117503 
29440 
117505 
29442 
117507 
29444 
117509 
29446 
117511 
29448 
117513 
29450 
29451 
117515 
117517 
117519 
117521 
117523 
117525 
117527 
117529 
117531 
117533 
117535 
117537 
117539 
117541 
117543 
117545 
117547 
117549 
117551 
117553 
117555 
117557 
117559 
117560 
)

// ************************************************************************* //
