/*--------------------------------*- C++ -*----------------------------------*\
  =========                 |
  \\      /  F ield         | OpenFOAM: The Open Source CFD Toolbox
   \\    /   O peration     | Website:  https://openfoam.org
    \\  /    A nd           | Version:  8
     \\/     M anipulation  |
\*---------------------------------------------------------------------------*/
FoamFile
{
    version     2.0;
    format      ascii;
    class       cellSet;
    location    "constant/polyMesh/sets";
    object      highAspectRatioCells;
}
// * * * * * * * * * * * * * * * * * * * * * * * * * * * * * * * * * * * * * //


3216
(
0 
1 
2 
3 
4 
5 
6 
7 
24600 
24601 
24602 
24603 
24604 
24605 
24606 
24607 
45096 
16424 
45097 
16425 
45098 
16426 
45099 
16427 
45100 
16428 
45101 
16429 
45102 
16430 
45103 
16431 
4144 
4145 
4146 
4147 
4148 
4149 
4150 
4151 
36920 
36921 
36922 
36923 
36924 
36925 
36926 
36927 
28744 
28745 
28746 
28747 
28748 
28749 
28750 
28751 
20568 
20569 
20570 
20571 
20572 
20573 
20574 
20575 
8288 
8289 
8290 
8291 
8292 
8293 
8294 
8295 
41064 
12392 
41065 
12393 
41066 
12394 
41067 
12395 
41068 
12396 
41069 
12397 
41070 
12398 
41071 
12399 
112 
113 
114 
115 
116 
117 
118 
119 
24712 
24713 
24714 
24715 
24716 
24717 
24718 
24719 
45208 
16536 
45209 
16537 
45210 
16538 
45211 
16539 
45212 
16540 
45213 
16541 
45214 
16542 
45215 
16543 
4256 
4257 
4258 
4259 
4260 
4261 
4262 
4263 
37032 
37033 
37034 
37035 
37036 
37037 
37038 
37039 
28856 
28857 
28858 
28859 
28860 
28861 
28862 
28863 
20680 
20681 
20682 
20683 
20684 
20685 
20686 
20687 
8400 
8401 
8402 
8403 
8404 
8405 
8406 
8407 
41176 
12504 
41177 
12505 
41178 
12506 
41179 
12507 
41180 
12508 
41181 
12509 
41182 
12510 
41183 
12511 
224 
225 
226 
227 
228 
229 
230 
231 
33002 
33003 
33004 
33005 
24824 
24825 
24826 
24827 
24828 
24829 
24830 
24831 
45320 
16648 
45321 
16649 
45322 
16650 
45323 
16651 
45324 
16652 
45325 
16653 
45326 
16654 
45327 
16655 
45328 
4368 
45329 
4369 
45330 
4370 
45331 
4371 
45332 
4372 
45333 
4373 
45334 
4374 
45335 
4375 
45336 
37144 
45337 
37145 
45338 
37146 
45339 
37147 
45340 
37148 
45341 
37149 
45342 
37150 
45343 
37151 
45344 
45345 
45346 
45347 
45348 
45349 
45350 
45351 
45352 
28968 
45353 
28969 
45354 
28970 
45355 
28971 
45356 
28972 
45357 
28973 
45358 
28974 
45359 
28975 
20792 
20793 
20794 
20795 
20796 
20797 
20798 
20799 
8512 
8513 
8514 
8515 
8516 
8517 
8518 
8519 
41288 
12616 
41289 
12617 
41290 
12618 
41291 
12619 
41292 
12620 
41293 
12621 
41294 
12622 
41295 
12623 
336 
337 
338 
339 
340 
341 
342 
343 
33112 
33113 
33114 
33115 
33116 
33117 
33118 
33119 
24936 
24937 
24938 
24939 
24940 
24941 
24942 
24943 
16760 
16761 
16762 
16763 
16764 
16765 
16766 
16767 
4480 
4481 
4482 
4483 
4484 
4485 
4486 
4487 
37256 
37257 
37258 
37259 
37260 
37261 
37262 
37263 
29080 
29081 
29082 
29083 
29084 
29085 
29086 
29087 
20904 
20905 
20906 
20907 
20908 
20909 
20910 
20911 
8624 
8625 
8626 
8627 
8628 
8629 
8630 
8631 
41400 
12728 
41401 
12729 
41402 
12730 
41403 
12731 
41404 
12732 
41405 
12733 
41406 
12734 
41407 
12735 
448 
449 
450 
451 
452 
453 
454 
455 
33224 
33225 
33226 
33227 
33228 
33229 
33230 
33231 
25048 
25049 
25050 
25051 
25052 
25053 
25054 
25055 
16872 
16873 
16874 
16875 
16876 
16877 
16878 
16879 
4592 
4593 
4594 
4595 
4596 
4597 
4598 
4599 
37368 
37369 
37370 
37371 
37372 
37373 
37374 
37375 
29192 
29193 
29194 
29195 
29196 
29197 
29198 
29199 
21016 
21017 
21018 
21019 
21020 
21021 
21022 
21023 
8736 
8737 
8738 
8739 
8740 
8741 
8742 
8743 
41512 
12840 
41513 
12841 
41514 
12842 
41515 
12843 
41516 
12844 
41517 
12845 
41518 
12846 
41519 
12847 
560 
561 
562 
563 
564 
565 
566 
567 
33336 
33337 
33338 
33339 
33340 
33341 
33342 
33343 
25160 
25161 
25162 
25163 
25164 
25165 
25166 
25167 
16984 
16985 
16986 
16987 
16988 
16989 
16990 
16991 
4704 
4705 
4706 
4707 
4708 
4709 
4710 
4711 
37480 
37481 
37482 
37483 
37484 
37485 
37486 
37487 
29304 
29305 
29306 
29307 
29308 
29309 
29310 
29311 
21128 
21129 
21130 
21131 
21132 
21133 
21134 
21135 
8848 
8849 
8850 
8851 
8852 
8853 
8854 
8855 
41624 
12952 
41625 
12953 
41626 
12954 
41627 
12955 
41628 
12956 
41629 
12957 
41630 
12958 
41631 
12959 
672 
673 
674 
675 
676 
677 
678 
679 
33448 
33449 
33450 
33451 
33452 
33453 
33454 
33455 
25272 
25273 
25274 
25275 
25276 
25277 
25278 
25279 
17096 
17097 
17098 
17099 
17100 
17101 
17102 
17103 
4816 
4817 
4818 
4819 
4820 
4821 
4822 
4823 
37592 
37593 
37594 
37595 
37596 
37597 
37598 
37599 
29416 
29417 
29418 
29419 
29420 
29421 
29422 
29423 
21240 
21241 
21242 
21243 
21244 
21245 
21246 
21247 
8960 
8961 
8962 
8963 
8964 
8965 
8966 
8967 
41736 
13064 
41737 
13065 
41738 
13066 
41739 
13067 
41740 
13068 
41741 
13069 
41742 
13070 
41743 
13071 
784 
785 
786 
787 
788 
789 
790 
791 
33560 
33561 
33562 
33563 
33564 
33565 
33566 
33567 
25384 
25385 
25386 
25387 
25388 
25389 
25390 
25391 
17208 
17209 
17210 
17211 
17212 
17213 
17214 
17215 
4928 
4929 
4930 
4931 
4932 
4933 
4934 
4935 
37704 
37705 
37706 
37707 
37708 
37709 
37710 
37711 
29528 
29529 
29530 
29531 
29532 
29533 
29534 
29535 
21352 
21353 
21354 
21355 
21356 
21357 
21358 
21359 
9072 
9073 
9074 
9075 
9076 
9077 
9078 
9079 
41848 
13176 
41849 
13177 
41850 
13178 
41851 
13179 
41852 
13180 
41853 
13181 
41854 
13182 
41855 
13183 
896 
897 
898 
899 
900 
901 
902 
903 
33672 
33673 
33674 
33675 
33676 
33677 
33678 
33679 
25496 
25497 
25498 
25499 
25500 
25501 
25502 
25503 
17320 
17321 
17322 
17323 
17324 
17325 
17326 
17327 
5040 
5041 
5042 
5043 
5044 
5045 
5046 
5047 
37816 
37817 
37818 
37819 
37820 
37821 
37822 
37823 
29640 
29641 
29642 
29643 
29644 
29645 
29646 
29647 
21464 
21465 
21466 
21467 
21468 
21469 
21470 
21471 
9184 
9185 
9186 
9187 
9188 
9189 
9190 
9191 
41960 
13288 
41961 
13289 
41962 
13290 
41963 
13291 
41964 
13292 
41965 
13293 
41966 
13294 
41967 
13295 
1008 
1009 
1010 
1011 
1012 
1013 
1014 
1015 
33784 
33785 
33786 
33787 
33788 
33789 
33790 
33791 
25608 
25609 
25610 
25611 
25612 
25613 
25614 
25615 
17432 
17433 
17434 
17435 
17436 
17437 
17438 
17439 
5152 
5153 
5154 
5155 
5156 
5157 
5158 
5159 
37928 
37929 
37930 
37931 
37932 
37933 
37934 
37935 
29752 
29753 
29754 
29755 
29756 
29757 
29758 
29759 
21576 
21577 
21578 
21579 
21580 
21581 
21582 
21583 
9296 
9297 
9298 
9299 
9300 
9301 
9302 
9303 
42072 
13400 
42073 
13401 
42074 
13402 
42075 
13403 
42076 
13404 
42077 
13405 
42078 
13406 
42079 
13407 
1120 
1121 
1122 
1123 
1124 
1125 
1126 
1127 
33896 
33897 
33898 
33899 
33900 
33901 
33902 
33903 
25720 
25721 
25722 
25723 
25724 
25725 
25726 
25727 
17544 
17545 
17546 
17547 
17548 
17549 
17550 
17551 
5264 
5265 
5266 
5267 
5268 
5269 
5270 
5271 
38040 
38041 
38042 
38043 
38044 
38045 
38046 
38047 
29864 
29865 
29866 
29867 
29868 
29869 
29870 
29871 
21688 
21689 
21690 
21691 
21692 
21693 
21694 
21695 
9408 
9409 
9410 
9411 
9412 
9413 
9414 
9415 
42184 
13512 
42185 
13513 
42186 
13514 
42187 
13515 
42188 
13516 
42189 
13517 
42190 
13518 
42191 
13519 
1232 
1233 
1234 
1235 
1236 
1237 
1238 
1239 
34008 
34009 
34010 
34011 
34012 
34013 
34014 
34015 
25832 
25833 
25834 
25835 
25836 
25837 
25838 
25839 
17656 
17657 
17658 
17659 
17660 
17661 
17662 
17663 
5376 
5377 
5378 
5379 
5380 
5381 
5382 
5383 
38152 
38153 
38154 
38155 
38156 
38157 
38158 
38159 
29976 
29977 
29978 
29979 
29980 
29981 
29982 
29983 
21800 
21801 
21802 
21803 
21804 
21805 
21806 
21807 
9520 
9521 
9522 
9523 
9524 
9525 
9526 
9527 
42296 
13624 
42297 
13625 
42298 
13626 
42299 
13627 
42300 
13628 
42301 
13629 
42302 
13630 
42303 
13631 
1344 
1345 
1346 
1347 
1348 
1349 
1350 
1351 
34120 
34121 
34122 
34123 
34124 
34125 
34126 
34127 
25944 
25945 
25946 
25947 
25948 
25949 
25950 
25951 
17768 
17769 
17770 
17771 
17772 
17773 
17774 
17775 
5488 
5489 
5490 
5491 
5492 
5493 
5494 
5495 
38264 
38265 
38266 
38267 
38268 
38269 
38270 
38271 
30088 
30089 
30090 
30091 
30092 
30093 
30094 
30095 
21912 
21913 
21914 
21915 
21916 
21917 
21918 
21919 
9632 
9633 
9634 
9635 
9636 
9637 
9638 
9639 
42408 
13736 
42409 
13737 
42410 
13738 
42411 
13739 
42412 
13740 
42413 
13741 
42414 
13742 
42415 
13743 
1456 
1457 
1458 
1459 
1460 
1461 
1462 
1463 
34232 
34233 
34234 
34235 
34236 
34237 
34238 
34239 
26056 
26057 
26058 
26059 
26060 
26061 
26062 
26063 
17880 
17881 
17882 
17883 
17884 
17885 
17886 
17887 
5600 
5601 
5602 
5603 
5604 
5605 
5606 
5607 
38376 
38377 
38378 
38379 
38380 
38381 
38382 
38383 
30200 
30201 
30202 
30203 
30204 
30205 
30206 
30207 
22024 
22025 
22026 
22027 
22028 
22029 
22030 
22031 
9744 
9745 
9746 
9747 
9748 
9749 
9750 
9751 
42520 
13848 
42521 
13849 
42522 
13850 
42523 
13851 
42524 
13852 
42525 
13853 
42526 
13854 
42527 
13855 
1568 
1569 
1570 
1571 
1572 
1573 
1574 
1575 
34344 
34345 
34346 
34347 
34348 
34349 
34350 
34351 
26168 
26169 
26170 
26171 
26172 
26173 
26174 
26175 
17992 
17993 
17994 
17995 
17996 
17997 
17998 
17999 
5712 
5713 
5714 
5715 
5716 
5717 
5718 
5719 
38488 
38489 
38490 
38491 
38492 
38493 
38494 
38495 
30312 
30313 
30314 
30315 
30316 
30317 
30318 
30319 
22136 
22137 
22138 
22139 
22140 
22141 
22142 
22143 
9856 
9857 
9858 
9859 
9860 
9861 
9862 
9863 
42632 
13960 
42633 
13961 
42634 
13962 
42635 
13963 
42636 
13964 
42637 
13965 
42638 
13966 
42639 
13967 
1680 
1681 
1682 
1683 
1684 
1685 
1686 
1687 
34456 
34457 
34458 
34459 
34460 
34461 
34462 
34463 
26280 
26281 
26282 
26283 
26284 
26285 
26286 
26287 
18104 
18105 
18106 
18107 
18108 
18109 
18110 
18111 
5824 
5825 
5826 
5827 
5828 
5829 
5830 
5831 
38600 
38601 
38602 
38603 
38604 
38605 
38606 
38607 
30424 
30425 
30426 
30427 
30428 
30429 
30430 
30431 
22248 
22249 
22250 
22251 
22252 
22253 
22254 
22255 
9968 
9969 
9970 
9971 
9972 
9973 
9974 
9975 
42744 
14072 
42745 
14073 
42746 
14074 
42747 
14075 
42748 
14076 
42749 
14077 
42750 
14078 
42751 
14079 
1792 
1793 
1794 
1795 
1796 
1797 
1798 
1799 
34568 
34569 
34570 
34571 
34572 
34573 
34574 
34575 
26392 
26393 
26394 
26395 
26396 
26397 
26398 
26399 
18216 
18217 
18218 
18219 
18220 
18221 
18222 
18223 
5936 
5937 
5938 
5939 
5940 
5941 
5942 
5943 
38712 
38713 
38714 
38715 
38716 
38717 
38718 
38719 
30536 
30537 
30538 
30539 
30540 
30541 
30542 
30543 
22360 
22361 
22362 
22363 
22364 
22365 
22366 
22367 
10080 
10081 
10082 
10083 
10084 
10085 
10086 
10087 
42856 
14184 
42857 
14185 
42858 
14186 
42859 
14187 
42860 
14188 
42861 
14189 
42862 
14190 
42863 
14191 
1904 
1905 
1906 
1907 
1908 
1909 
1910 
1911 
34680 
34681 
34682 
34683 
34684 
34685 
34686 
34687 
26504 
26505 
26506 
26507 
26508 
26509 
26510 
26511 
18328 
18329 
18330 
18331 
18332 
18333 
18334 
18335 
6048 
6049 
6050 
6051 
6052 
6053 
6054 
6055 
38824 
38825 
38826 
38827 
38828 
38829 
38830 
38831 
30648 
30649 
30650 
30651 
30652 
30653 
30654 
30655 
22472 
22473 
22474 
22475 
22476 
22477 
22478 
22479 
10192 
10193 
10194 
10195 
10196 
10197 
10198 
10199 
42968 
14296 
42969 
14297 
42970 
14298 
42971 
14299 
42972 
14300 
42973 
14301 
42974 
14302 
42975 
14303 
2016 
2017 
2018 
2019 
2020 
2021 
2022 
2023 
34792 
34793 
34794 
34795 
34796 
34797 
34798 
34799 
26616 
26617 
26618 
26619 
26620 
26621 
26622 
26623 
18440 
18441 
18442 
18443 
18444 
18445 
18446 
18447 
6160 
6161 
6162 
6163 
6164 
6165 
6166 
6167 
38936 
38937 
38938 
38939 
38940 
38941 
38942 
38943 
30760 
30761 
30762 
30763 
30764 
30765 
30766 
30767 
22584 
22585 
22586 
22587 
22588 
22589 
22590 
22591 
10304 
10305 
10306 
10307 
10308 
10309 
10310 
10311 
43080 
14408 
43081 
14409 
43082 
14410 
43083 
14411 
43084 
14412 
43085 
14413 
43086 
14414 
43087 
14415 
2128 
2129 
2130 
2131 
2132 
2133 
2134 
2135 
34904 
34905 
34906 
34907 
34908 
34909 
34910 
34911 
26728 
26729 
26730 
26731 
26732 
26733 
26734 
26735 
18552 
18553 
18554 
18555 
18556 
18557 
18558 
18559 
6272 
6273 
6274 
6275 
6276 
6277 
6278 
6279 
39048 
39049 
39050 
39051 
39052 
39053 
39054 
39055 
30872 
30873 
30874 
30875 
30876 
30877 
30878 
30879 
22696 
22697 
22698 
22699 
22700 
22701 
22702 
22703 
10416 
10417 
10418 
10419 
10420 
10421 
10422 
10423 
43192 
14520 
43193 
14521 
43194 
14522 
43195 
14523 
43196 
14524 
43197 
14525 
43198 
14526 
43199 
14527 
2240 
2241 
2242 
2243 
2244 
2245 
2246 
2247 
35016 
35017 
35018 
35019 
35020 
35021 
35022 
35023 
26840 
26841 
26842 
26843 
26844 
26845 
26846 
26847 
18664 
18665 
18666 
18667 
18668 
18669 
18670 
18671 
6384 
6385 
6386 
6387 
6388 
6389 
6390 
6391 
39160 
39161 
39162 
39163 
39164 
39165 
39166 
39167 
30984 
30985 
30986 
30987 
30988 
30989 
30990 
30991 
22808 
22809 
22810 
22811 
22812 
22813 
22814 
22815 
10528 
10529 
10530 
10531 
10532 
10533 
10534 
10535 
43304 
14632 
43305 
14633 
43306 
14634 
43307 
14635 
43308 
14636 
43309 
14637 
43310 
14638 
43311 
14639 
2352 
2353 
2354 
2355 
2356 
2357 
2358 
2359 
35128 
35129 
35130 
35131 
35132 
35133 
35134 
35135 
26952 
26953 
26954 
26955 
26956 
26957 
26958 
26959 
18776 
18777 
18778 
18779 
18780 
18781 
18782 
18783 
6496 
6497 
6498 
6499 
6500 
6501 
6502 
6503 
39272 
39273 
39274 
39275 
39276 
39277 
39278 
39279 
31096 
31097 
31102 
31103 
22920 
22921 
22922 
22923 
22924 
22925 
22926 
22927 
10640 
10641 
10642 
10643 
10644 
10645 
10646 
10647 
43416 
14744 
43417 
14745 
43418 
14746 
43419 
14747 
43420 
14748 
43421 
14749 
43422 
14750 
43423 
14751 
2464 
2465 
2466 
2467 
2468 
2469 
2470 
2471 
35240 
35241 
35242 
35243 
35244 
35245 
35246 
35247 
27064 
27065 
27066 
27067 
27068 
27069 
27070 
27071 
18888 
18889 
18890 
18891 
18892 
18893 
18894 
18895 
6608 
6609 
6610 
6611 
6612 
6613 
6614 
6615 
39384 
39385 
39386 
39387 
39388 
39389 
39390 
39391 
23032 
23033 
23034 
23035 
23036 
23037 
23038 
23039 
10752 
10753 
10754 
10755 
10756 
10757 
10758 
10759 
43528 
14856 
43529 
14857 
43530 
14858 
43531 
14859 
43532 
14860 
43533 
14861 
43534 
14862 
43535 
14863 
2576 
2577 
2578 
2579 
2580 
2581 
2582 
2583 
35352 
35353 
35354 
35355 
35356 
35357 
35358 
35359 
27176 
27177 
27178 
27179 
27180 
27181 
27182 
27183 
19000 
19001 
19002 
19003 
19004 
19005 
19006 
19007 
6720 
6721 
6722 
6723 
6724 
6725 
6726 
6727 
39496 
39497 
39498 
39499 
39500 
39501 
39502 
39503 
23144 
23145 
23146 
23147 
23148 
23149 
23150 
23151 
10864 
10865 
10866 
10867 
10868 
10869 
10870 
10871 
43640 
14968 
43641 
14969 
43642 
14970 
43643 
14971 
43644 
14972 
43645 
14973 
43646 
14974 
43647 
14975 
2688 
2689 
2690 
2691 
2692 
2693 
2694 
2695 
35464 
35465 
35466 
35467 
35468 
35469 
35470 
35471 
27288 
27289 
27290 
27291 
27292 
27293 
27294 
27295 
19112 
19113 
19114 
19115 
19116 
19117 
19118 
19119 
6832 
6833 
6834 
6835 
6836 
6837 
6838 
6839 
39608 
39609 
39610 
39611 
39612 
39613 
39614 
39615 
23256 
23257 
23258 
23259 
23260 
23261 
23262 
23263 
10976 
10977 
10978 
10979 
10980 
10981 
10982 
10983 
43752 
15080 
43753 
15081 
43754 
15082 
43755 
15083 
43756 
15084 
43757 
15085 
43758 
15086 
43759 
15087 
2800 
2801 
2802 
2803 
2804 
2805 
2806 
2807 
35576 
35577 
35578 
35579 
35580 
35581 
35582 
35583 
27400 
27401 
27402 
27403 
27404 
27405 
27406 
27407 
19224 
19225 
19226 
19227 
19228 
19229 
19230 
19231 
6944 
6945 
6946 
6947 
6948 
6949 
6950 
6951 
39720 
39721 
39722 
39723 
39724 
39725 
39726 
39727 
23368 
23369 
23370 
23371 
23372 
23373 
23374 
23375 
11088 
11089 
11090 
11091 
11092 
11093 
11094 
11095 
43864 
15192 
43865 
15193 
43866 
15194 
43867 
15195 
43868 
15196 
43869 
15197 
43870 
15198 
43871 
15199 
2912 
2913 
2914 
2915 
2916 
2917 
2918 
2919 
35688 
35689 
35690 
35691 
35692 
35693 
35694 
35695 
27512 
27513 
27514 
27515 
27516 
27517 
27518 
27519 
19336 
19337 
19338 
19339 
19340 
19341 
19342 
19343 
7056 
7057 
7058 
7059 
7060 
7061 
7062 
7063 
39832 
39833 
39834 
39835 
39836 
39837 
39838 
39839 
23480 
23481 
23482 
23483 
23484 
23485 
23486 
23487 
11200 
11201 
11202 
11203 
11204 
11205 
11206 
11207 
43976 
15304 
43977 
15305 
43978 
15306 
43979 
15307 
43980 
15308 
43981 
15309 
43982 
15310 
43983 
15311 
3024 
3025 
3026 
3027 
3028 
3029 
3030 
3031 
35800 
35801 
35802 
35803 
35804 
35805 
35806 
35807 
27624 
27625 
27626 
27627 
27628 
27629 
27630 
27631 
19448 
19449 
19450 
19451 
19452 
19453 
19454 
19455 
7168 
7169 
7170 
7171 
7172 
7173 
7174 
7175 
39944 
39945 
39946 
39947 
39948 
39949 
39950 
39951 
31768 
31769 
31770 
31771 
31772 
31773 
31774 
31775 
23592 
23593 
23594 
23595 
23596 
23597 
23598 
23599 
11312 
11313 
11314 
11315 
11316 
11317 
11318 
11319 
44088 
11320 
15416 
44089 
11321 
15417 
44090 
11322 
15418 
44091 
11323 
15419 
44092 
11324 
15420 
44093 
11325 
15421 
44094 
11326 
15422 
44095 
11327 
15423 
3136 
3137 
3138 
3139 
3140 
11332 
3141 
11333 
3142 
3143 
35912 
35913 
35914 
35915 
35916 
35917 
35918 
35919 
27736 
27737 
27738 
27739 
27740 
27741 
27742 
27743 
19560 
19561 
19562 
19563 
19564 
19565 
19566 
19567 
7280 
7281 
7282 
7283 
7284 
7285 
7286 
7287 
40056 
40057 
40058 
40059 
40060 
40061 
40062 
40063 
31880 
31881 
31882 
31883 
31884 
31885 
31886 
31887 
23704 
11416 
23705 
11417 
23706 
11418 
23707 
11419 
23708 
11420 
23709 
11421 
23710 
11422 
23711 
11423 
11424 
11425 
11426 
11427 
11428 
11429 
11430 
11431 
44200 
15528 
44201 
15529 
44202 
15530 
44203 
15531 
44204 
15532 
44205 
15533 
44206 
11438 
15534 
44207 
11439 
15535 
3248 
3249 
3250 
3251 
3252 
3253 
3254 
3255 
36024 
36025 
36026 
36027 
36028 
36029 
36030 
36031 
27848 
27849 
27850 
27851 
27852 
27853 
27854 
27855 
19672 
19673 
19674 
19675 
19676 
19677 
19678 
19679 
7392 
7393 
7394 
7395 
7396 
7397 
7398 
7399 
40168 
40169 
40170 
40171 
40172 
40173 
40174 
40175 
11520 
11521 
11522 
11523 
11524 
11525 
11526 
11527 
23816 
23817 
23818 
23819 
23820 
23821 
23822 
23823 
44312 
15640 
44313 
15641 
44314 
15642 
44315 
15643 
44316 
15644 
44317 
15645 
44318 
15646 
44319 
15647 
3360 
3361 
3362 
3363 
3364 
3365 
3366 
3367 
36136 
36137 
36138 
36139 
36140 
36141 
36142 
36143 
27960 
27961 
27962 
27963 
27964 
27965 
27966 
27967 
19784 
19785 
19786 
19787 
19788 
19789 
19790 
19791 
7504 
7505 
7506 
7507 
7508 
7509 
7510 
7511 
40280 
40281 
40282 
40283 
40284 
40285 
40286 
40287 
11624 
11625 
11626 
11627 
11628 
11629 
11630 
11631 
11632 
11633 
11634 
11635 
11636 
11637 
11638 
11639 
23928 
23929 
23930 
23931 
23932 
11644 
23933 
11645 
23934 
23935 
44424 
15752 
44425 
15753 
44426 
15754 
44427 
15755 
44428 
15756 
44429 
15757 
44430 
15758 
44431 
15759 
3472 
3473 
3474 
3475 
3476 
3477 
3478 
3479 
36248 
36249 
36250 
36251 
36252 
36253 
36254 
36255 
28072 
28073 
28074 
28075 
28076 
28077 
28078 
28079 
19896 
19897 
19898 
19899 
19900 
19901 
19902 
19903 
7616 
7617 
7618 
7619 
7620 
7621 
7622 
7623 
40392 
40393 
40394 
40395 
40396 
40397 
40398 
40399 
11728 
11729 
11730 
11731 
11732 
11733 
11734 
11735 
32216 
11736 
32217 
11737 
32218 
11738 
32219 
11739 
32220 
11740 
32221 
11741 
32222 
11742 
32223 
11743 
11750 
11751 
24040 
24041 
24042 
24043 
24044 
24045 
24046 
24047 
44536 
15864 
44537 
15865 
44538 
15866 
44539 
15867 
44540 
15868 
44541 
15869 
44542 
15870 
44543 
15871 
3584 
3585 
3586 
3587 
3588 
3589 
3590 
3591 
36360 
36361 
36362 
36363 
36364 
36365 
36366 
36367 
28184 
28185 
28186 
28187 
28188 
28189 
28190 
28191 
20008 
20009 
20010 
20011 
20012 
20013 
20014 
20015 
7728 
7729 
7730 
7731 
7732 
7733 
7734 
7735 
40504 
11832 
40505 
11833 
40506 
11834 
40507 
11835 
40508 
11836 
40509 
11837 
40510 
11838 
40511 
11839 
32328 
32329 
32330 
32331 
32332 
32333 
32334 
32335 
24152 
24153 
24154 
24155 
24156 
24157 
24158 
24159 
44648 
15976 
44649 
15977 
44650 
15978 
44651 
15979 
44652 
15980 
44653 
15981 
44654 
15982 
44655 
15983 
3696 
3697 
3698 
3699 
3700 
3701 
3702 
3703 
36472 
36473 
36474 
36475 
36476 
36477 
36478 
36479 
28296 
28297 
28298 
28299 
28300 
28301 
28302 
28303 
20120 
20121 
20122 
20123 
20124 
20125 
20126 
20127 
7840 
7841 
7842 
7843 
7844 
7845 
7846 
7847 
40616 
11944 
40617 
11945 
40618 
11946 
40619 
11947 
40620 
11948 
40621 
11949 
40622 
11950 
40623 
11951 
24264 
24265 
24266 
24267 
24268 
24269 
24270 
24271 
44760 
16088 
44761 
16089 
44762 
16090 
44763 
16091 
44764 
16092 
44765 
16093 
44766 
16094 
44767 
16095 
3808 
3809 
3810 
3811 
3812 
3813 
3814 
3815 
36584 
36585 
36586 
36587 
36588 
36589 
36590 
36591 
28408 
28409 
28410 
28411 
28412 
28413 
28414 
28415 
20232 
20233 
20234 
20235 
20236 
20237 
20238 
20239 
7952 
7953 
7954 
7955 
7956 
7957 
7958 
7959 
40728 
12056 
40729 
12057 
40730 
12058 
40731 
12059 
40732 
12060 
40733 
12061 
40734 
12062 
40735 
12063 
24376 
24377 
24378 
24379 
24380 
24381 
24382 
24383 
44872 
16200 
44873 
16201 
44874 
16202 
44875 
16203 
44876 
16204 
44877 
16205 
44878 
16206 
44879 
16207 
3920 
3921 
3922 
3923 
3924 
3925 
3926 
3927 
36696 
36697 
36698 
36699 
36700 
36701 
36702 
36703 
28520 
28521 
28522 
28523 
28524 
28525 
28526 
28527 
20344 
20345 
20346 
20347 
20348 
20349 
20350 
20351 
8064 
8065 
8066 
8067 
8068 
8069 
8070 
8071 
40840 
12168 
40841 
12169 
40842 
12170 
40843 
12171 
40844 
12172 
40845 
12173 
40846 
12174 
40847 
12175 
24488 
24489 
24490 
24491 
24492 
24493 
24494 
24495 
44984 
16312 
44985 
16313 
44986 
16314 
44987 
16315 
44988 
16316 
44989 
16317 
44990 
16318 
44991 
16319 
4032 
4033 
4034 
4035 
4036 
4037 
4038 
4039 
36808 
36809 
36810 
36811 
36812 
36813 
36814 
36815 
28632 
28633 
28634 
28635 
28636 
28637 
28638 
28639 
20456 
20457 
20458 
20459 
20460 
20461 
20462 
20463 
8176 
8177 
8178 
8179 
8180 
8181 
8182 
8183 
40952 
12280 
40953 
12281 
40954 
12282 
40955 
12283 
40956 
12284 
40957 
12285 
40958 
12286 
40959 
12287 
)

// ************************************************************************* //
